# TWATSP-ST Instances
This repository stores the instances and results of `Models and Algorithms for the Time Windows Assignment Travelling Salesperson Problem with Stochastic Travel Times`, by Francesco Cavaliere, Matteo Fischetti, Roberto Roberti, and Domenico Salvagnin.

## Results
Results are provided in `csv` format in the [`results`](results/) directory. Each file follows the naming of the corresponding table in the original paper.

## Instances
Instances are provided in the [`instaces`](instances/) directory and adopt the following format:
```
<number of nodes> <ATSP optimal solution values considering travel times> <number of scenarios>
<service times for each node>
<N x N distance matrix>
<N x N disrupted travel time matrix for scenario 0>
<N x N disrupted travel times matrix scenario 1>
[remaining travel time matrices]
```

### Example
As an example, here is reported a fragment of instance [`X10-RCU-10000.txt`](instances/X10-RCU-10000.txt.xz), note that comments are not present in the original instance file.
```
# <number of nodes> <ATSP optimal solution values considering travel times> <number of scenarios>
10 2141.8132 10000
# <service times for each node>
0 10 10 10 10 10 10 10 10 10 
# <N x N distance matrix>
   0.0000  419.1766  478.3513  312.1602  487.8217  509.7548  336.0744  549.3969  584.6067  458.5684 
 419.1766    0.0000  703.4181  195.7882  710.8256  638.0447   83.1925  134.3577  721.8213   51.8652 
 478.3513  703.4181    0.0000  508.0630    9.4868  147.8716  646.0418  827.0266  157.3054  755.2702 
 312.1602  195.7882  508.0630    0.0000  515.3504  445.0820  151.9539  320.4325  529.5895  247.6308 
 487.8217  710.8256    9.4868  515.3504    0.0000  146.9966  653.9480  834.0054  151.4761  762.6854 
 509.7548  638.0447  147.8716  445.0820  146.9966    0.0000  594.5688  750.3233   85.0235  689.1770 
 336.0744   83.1925  646.0418  151.9539  653.9480  594.5688    0.0000  214.8046  679.4240  125.2557 
 549.3969  134.3577  827.0266  320.4325  834.0054  750.3233  214.8046    0.0000  832.1695   90.9175 
 584.6067  721.8213  157.3054  529.5895  151.4761   85.0235  679.4240  832.1695    0.0000  772.7561 
 458.5684   51.8652  755.2702  247.6308  762.6854  689.1770  125.2557   90.9175  772.7561    0.0000 
# <N x N disrupted travel time matrix for scenario 0>
   0.0000  419.1766  478.3513  312.1602  487.8217  509.7548  336.0744  549.3969  584.6067  504.4252 
 419.1766    0.0000  703.4181  195.7882  710.8256  638.0447   83.1925  134.3577  721.8213   57.0517 
 478.3513  703.4181    0.0000  508.0630    9.4868  147.8716  646.0418  827.0266  157.3054  755.2702 
 312.1602  195.7882  508.0630    0.0000  515.3504  445.0820  151.9539  320.4325  529.5895  247.6308 
 487.8217  781.9082    9.4868  515.3504    0.0000  146.9966  784.7376 1000.8065  151.4761  762.6854 
 509.7548  638.0447  147.8716  445.0820  146.9966    0.0000  594.5688  825.3556   85.0235  689.1770 
 336.0744   83.1925  646.0418  151.9539  653.9480  594.5688    0.0000  214.8046  747.3664  125.2557 
 549.3969  134.3577  827.0266  320.4325  834.0054  750.3233  214.8046    0.0000  832.1695   90.9175 
 584.6067  721.8213  157.3054  529.5895  151.4761   85.0235  679.4240  832.1695    0.0000  772.7561 
 504.4252   51.8652  755.2702  247.6308  762.6854  689.1770  125.2557   90.9175  772.7561    0.0000 
# <N x N disrupted travel times matrix scenario 1>
   0.0000  419.1766  478.3513  374.5922  487.8217  509.7548  336.0744  549.3969  584.6067  458.5684 
 419.1766    0.0000  703.4181  195.7882  710.8256  638.0447   83.1925  134.3577  721.8213   51.8652 
 478.3513  703.4181    0.0000  508.0630    9.4868  147.8716  646.0418  827.0266  157.3054  755.2702 
 312.1602  195.7882  508.0630    0.0000  515.3504  445.0820  151.9539  320.4325  529.5895  247.6308 
 487.8217  710.8256    9.4868  515.3504    0.0000  146.9966  653.9480  834.0054  151.4761  762.6854 
 509.7548  638.0447  147.8716  445.0820  146.9966    0.0000  594.5688  750.3233   85.0235  689.1770 
 336.0744   83.1925  646.0418  151.9539  653.9480  594.5688    0.0000  214.8046  679.4240  125.2557 
 549.3969  134.3577  827.0266  320.4325  834.0054  750.3233  214.8046    0.0000  832.1695   90.9175 
 584.6067  721.8213  188.7665  794.3843  151.4761   85.0235  679.4240  832.1695    0.0000  772.7561 
 458.5684   51.8652  755.2702  247.6308  762.6854  689.1770  125.2557   90.9175  772.7561    0.0000 
```
